SIZES
  narena                14680064
  nbuffer               582784
  nplugin               0
  maxuse_stack          8904
  maxuse_arena          31960
  maxuse_con            4
  maxuse_efc            29
  solver_nisland        1
  ne                    7
  nf                    0
  nl                    0
  nefc                  23
  nnzJ                  414
  ncon                  4
  nisland               0
  threadpool            0

TIMER
    0:  duration =  0.11       number = 1
    1:  duration =  0.27       number = 1
    2:  duration =  0          number = 0
    3:  duration =  0.3        number = 2
    4:  duration =  0.014      number = 2
    5:  duration =  0.0044     number = 2
    6:  duration =  0.043      number = 2
    7:  duration =  0.0057     number = 1
    8:  duration =  0.05       number = 2
    9:  duration =  0.0096     number = 2
    10:  duration =  0.2        number = 2
    11:  duration =  0.044      number = 2
    12:  duration =  0.00038    number = 2
    13:  duration =  0.031      number = 2
    14:  duration =  0.063      number = 2

SOLVER STAT
  solver_nisland = 1
  solver_fwdinv =   0         0       
  ISLAND 0
    solver_niter = 1
    solver_nnz = 324
      0:  improvement =  0           gradient =  2.3e-18     lineslope =  0       
          nactive = 23   nchange = 0   neval = 2   nupdate = 0

ENERGY =   0         0       

TIME =  7.3     

QPOS
   0.25    
  -0.15    
   2       
   0.53    
   1.6     
   0.25    
   0.0067  
   0.0065  
   0.0071  
   0.0067  
   0.0065  
   0.0071  
   0.5     
  -4.6e-18 
  -1.1e-05 
   1       
   4.2e-17 
  -7.1e-20 
  -2.8e-18 

QVEL
   2.6e-15 
  -4.2e-15 
   3.9e-14 
  -6.5e-15 
   4e-14   
  -3e-15   
   1.1e-14 
   3.6e-16 
  -2.5e-14 
  -5.7e-15 
   3e-16   
  -3.5e-16 
   5.1e-20 
  -2.1e-18 
   4.3e-18 
  -1.7e-15 
   9.5e-17 
   8.9e-17 

QACC_WARMSTART
  -2.1e-15 
  -4.5e-15 
   5.9e-15 
  -1.8e-14 
   5.1e-14 
   4.8e-15 
  -3.6e-12 
   2.8e-13 
  -3.1e-11 
   3.8e-12 
  -1.1e-13 
  -2.7e-11 
  -2.4e-16 
  -5.4e-17 
  -6.7e-15 
  -3.4e-13 
  -4.1e-15 
  -1.1e-14 

CTRL
   0       

QFRC_APPLIED
   8.1e-16 
   34      
  -25      
   3.1     
   0.011   
   1e-16   
   0       
   0       
   0       
   0       
   0       
   0       
   0       
   0       
   0       
   0       
   0       
   0       

XFRC_APPLIED
   0         0         0         0         0         0       
   0         0         0         0         0         0       
   0         0         0         0         0         0       
   0         0         0         0         0         0       
   0         0         0         0         0         0       
   0         0         0         0         0         0       
   0         0         0         0         0         0       
   0         0         0         0         0         0       
   0         0         0         0         0         0       
   0         0         0         0         0         0       
   0         0         0         0         0         0       
   0         0         0         0         0         0       
   0         0         0         0         0         0       
   0         0         0         0         0         0       
   0         0         0         0         0         0       
   0         0         0         0         0         0       
   0         0         0         0         0         0       
   0         0         0         0         0         0       
   0         0         0         0         0         0       
   0         0         0         0         0         0       

EQ_ACTIVE             1 1 1

MOCAP_POS
   0.5       0         0.04    

MOCAP_QUAT
   1         0         0         0       

QACC
  -2.1e-15 
  -4.5e-15 
   5.9e-15 
  -1.8e-14 
   5.1e-14 
   4.8e-15 
  -3.6e-12 
   2.8e-13 
  -3.1e-11 
   3.8e-12 
  -1.1e-13 
  -2.7e-11 
  -2.4e-16 
  -5.4e-17 
  -6.7e-15 
  -3.4e-13 
  -4.1e-15 
  -1.1e-14 

XPOS
   0         0         0       
   0.5       0         0.04    
   0         0         0       
   0         0         0       
   0         0         0.043   
   0.015    -0.06      0.12    
   0.072    -0.046     0.53    
   0.39      0.016     0.33    
   0.46     -0.01      0.33    
   0.5      -1.4e-16   0.27    
   0.5      -2.2e-16   0.24    
   0.5      -2.2e-16   0.24    
   0.5      -2.2e-16   0.24    
   0.53     -0.016     0.13    
   0.51     -0.037     0.14    
   0.51     -0.076     0.1     
   0.47      0.016     0.13    
   0.49      0.037     0.14    
   0.49      0.076     0.1     
   0.5      -4.6e-18  -1.1e-05 

XQUAT
   1         0         0         0       
   1         0         0         0       
   1         0         0         0       
   1         0         0         0       
   0.99      0         0         0.12    
   0.99     -0.0089    0.072     0.12    
   0.49     -0.11      0.86      0.061   
   0.7      -0.087     0.7       0.087   
   0.44      0.44      0.56      0.56    
   0.5       0.5       0.5       0.5     
   3e-15     0.71      0.71      1.1e-15 
  -1.1e-15   0.71     -0.71      3e-15   
  -1.1e-15   0.71     -0.71      3e-15   
   0.27      0.65     -0.65      0.27    
  -0.27      0.65     -0.65     -0.27    
   0.00018   0.71     -0.71      0.00018 
  -0.27      0.65      0.65      0.27    
  -0.27     -0.65     -0.65      0.27    
   0.00018  -0.71     -0.71     -0.00018 
   1         4.2e-17  -7.1e-20  -2.8e-18 

XMAT
   1         0         0         0         1         0         0         0         1       
   1         0         0         0         1         0         0         0         1       
   1         0         0         0         1         0         0         0         1       
   1         0         0         0         1         0         0         0         1       
   0.97     -0.24      0         0.24      0.97      0         0         0         1       
   0.96     -0.24      0.14      0.24      0.97      0.035    -0.14      0         0.99    
  -0.49     -0.24      0.83     -0.12      0.97      0.21     -0.86      1.4e-17  -0.51    
   4.9e-15  -0.24      0.97      1.2e-15   0.97      0.24     -1         1.4e-17   5.1e-15 
  -0.24     -5.9e-15   0.97      0.97      2.6e-15   0.24     -3.9e-15   1         5e-15   
   5e-16    -5.8e-15   1         1         2.6e-15  -5e-16    -2.6e-15   1         5.8e-15 
   5e-16     1         5.8e-15   1        -5e-16    -2.7e-15  -2.7e-15   5.8e-15  -1       
  -5e-16    -1         5.8e-15  -1         5e-16    -2.7e-15   2.7e-15  -5.8e-15  -1       
  -5e-16    -1         5.8e-15  -1         5e-16    -2.7e-15   2.7e-15  -5.8e-15  -1       
  -4.5e-15  -1         3.8e-15  -0.71      5.1e-16  -0.71      0.71     -5.8e-15  -0.71    
   3.7e-15  -1         4.4e-15  -0.71      5.7e-16   0.71     -0.71     -5.8e-15  -0.71    
  -3.1e-16  -1         5.7e-15  -1         2.5e-16  -0.00051   0.00051  -5.7e-15  -1       
  -3.6e-15   1         4.4e-15   0.71     -5.3e-16   0.71      0.71      5.7e-15  -0.71    
   4.4e-15   1         3.7e-15   0.71     -4.9e-16  -0.71     -0.71      5.8e-15  -0.71    
   4.4e-16   1         5.8e-15   1        -4.5e-16   0.00051   0.00051   5.8e-15  -1       
   1         5.7e-18  -1.4e-19  -5.7e-18   1        -8.5e-17   1.4e-19   8.5e-17   1       

XIPOS
   0         0         0       
   0.5       0         0.04    
   0         0         0       
   5.3e-09   0.0016    0.017   
   0.0013   -0.0052    0.11    
   0.061    -0.12      0.32    
   0.22      0.03      0.43    
   0.41     -0.018     0.33    
   0.5      -0.001     0.32    
   0.5       4.2e-09   0.25    
   0.47     -2.1e-16   0.24    
   0.5      -2.2e-16   0.24    
   0.5       0.001     0.18    
   0.5      -0.035     0.11    
   0.5      -0.056     0.12    
   0.5      -0.058     0.086   
   0.5       0.035     0.11    
   0.5       0.056     0.12    
   0.5       0.058     0.086   
   0.5      -6.3e-18   0.02    

XIMAT
   1         0         0         0         1         0         0         0         1       
   1         0         0         0         1         0         0         0         1       
   1         0         0         0         1         0         0         0         1       
   2.8e-17  -1         0        -0.018     0        -1         1         0        -0.018   
   0.97     -0.24      0.037     0.24      0.96     -0.15     -3.5e-18   0.15      0.99    
   0.96     -0.24      0.14      0.24      0.97      0.035    -0.14     -3.5e-18   0.99    
  -0.49     -0.25      0.83     -0.12      0.97      0.22     -0.86      0.0047   -0.51    
   5e-15    -0.069     1         1.2e-15   1         0.069    -1         9e-16     5.1e-15 
  -0.24      0.96      0.17      0.97      0.24      0.043    -3.9e-15   0.18     -0.98    
  -0.015    -5e-16     1         2.7e-15  -1        -4.6e-16   1         2.7e-15   0.015   
   5e-16     5.8e-15  -1         1        -2.6e-15   5e-16    -2.6e-15  -1        -5.8e-15 
   5e-16     1         5.8e-15   1        -5e-16    -2.7e-15  -2.7e-15   5.8e-15  -1       
  -1         0.034    -0.0013    0.034     1        -0.017     0.00068  -0.017    -1       
  -4.6e-15  -1         4.8e-05  -0.71     -3.4e-05  -0.7       0.7      -3.4e-05  -0.71    
   4.5e-15   1        -6.6e-05   0.71     -4.6e-05  -0.71     -0.71     -4.6e-05  -0.71    
  -1        -2.3e-15   5.2e-15   2.6e-16   0.9       0.44     -5.7e-15   0.44     -0.9     
  -3.5e-15   1        -4.8e-05   0.71      3.4e-05   0.7       0.7      -3.4e-05  -0.71    
   3.8e-15  -1         6.6e-05  -0.71      4.6e-05   0.71     -0.71     -4.6e-05  -0.71    
   1        -3e-15     5e-15    -4.3e-16  -0.9      -0.44      5.8e-15   0.44     -0.9     
   1         5.7e-18  -1.4e-19  -5.7e-18   1        -8.5e-17   1.4e-19   8.5e-17   1       

XANCHOR
   0         0         0.043   
   0.015    -0.06      0.12    
   0.072    -0.046     0.53    
   0.39      0.016     0.33    
   0.46     -0.01      0.33    
   0.5      -1.4e-16   0.27    
   0.53     -0.016     0.13    
   0.51     -0.037     0.14    
   0.51     -0.076     0.1     
   0.47      0.016     0.13    
   0.49      0.037     0.14    
   0.49      0.076     0.1     
   0.5      -4.6e-18  -1.1e-05 

XAXIS
   0         0         1       
   0.24     -0.97      0       
  -0.24      0.97      0       
   0.24     -0.97     -1.4e-17 
   0.97      0.24      5.6e-15 
   5.9e-15  -3e-15    -1       
   1        -7.8e-16   5.8e-15 
   1        -1e-15     5.7e-15 
  -1         1e-15    -5.7e-15 
  -1         0        -5.7e-15 
  -1         2.2e-16  -5.8e-15 
   1         1.1e-16   5.8e-15 
   0         0         1       

GEOM_XPOS
   0         0         0       
   0.5       0         0.04    
   1e-07     0.049     0.026   
   4.9e-06   0.00089   0.02    
   4.4e-06   0.006     0.02    
  -0.0014    0.0056    0.18    
   0.0021   -0.0082    0.11    
   0.00084  -0.0034    0.13    
   0.075    -0.18      0.32    
   0.061    -0.12      0.32    
   0.039    -0.14      0.14    
   0.063    -0.13      0.32    
   0.091    -0.13      0.51    
   0.35      0.098     0.35    
   0.23      0.029     0.42    
   0.075    -0.017     0.52    
   0.23      0.037     0.42    
   0.37      0.08      0.34    
   0.37     -0.036     0.33    
   0.41     -0.016     0.33    
   0.39     -0.023     0.33    
   0.5       0.0007    0.37    
   0.49     -0.0016    0.32    
   0.5      -0.00075   0.34    
   0.5      -5.3e-05   0.26    
   0.54      2.2e-07   0.27    
   0.5      -2.8e-08   0.26    
   0.54     -7.8e-07   0.26    
   0.5      -1.2e-06   0.26    
   0.5      -2e-11     0.24    
   0.5      -2e-11     0.24    
   0.5       0.0012    0.18    
   0.5       0.0012    0.18    
   0.5      -0.035     0.11    
   0.5      -0.035     0.11    
   0.5      -0.056     0.12    
   0.5      -0.056     0.12    
   0.5      -0.063     0.096   
   0.5      -0.063     0.096   
   0.5      -0.052     0.08    
   0.5      -0.052     0.08    
   0.5      -0.052     0.065   
   0.5      -0.052     0.065   
   0.5       0.035     0.11    
   0.5       0.035     0.11    
   0.5       0.056     0.12    
   0.5       0.056     0.12    
   0.5       0.063     0.096   
   0.5       0.063     0.096   
   0.5       0.052     0.08    
   0.5       0.052     0.08    
   0.5       0.052     0.065   
   0.5       0.052     0.065   
   0.5      -6.3e-18   0.02    

GEOM_XMAT
   1         0         0         0         1         0         0         0         1       
   1         0         0         0         1         0         0         0         1       
   0.00032  -1         0.0003    0.1      -0.00027  -0.99      0.99      0.00035   0.1     
   2.7e-05  -1        -0.006    -0.013     0.006    -1         1         0.0001   -0.013   
   2.7e-05  -1        -8.5e-05  -0.013     8.4e-05  -1         1         2.8e-05  -0.013   
  -0.18     -0.97      0.17      0.7      -0.24     -0.67      0.69      0.00065   0.72    
  -0.2      -0.97      0.14      0.8      -0.24     -0.55      0.57     -0.0012    0.82    
   0.97     -0.24     -0.011     0.24      0.97      0.045     7.9e-06  -0.046     1       
   0.96     -0.24      0.14      0.24      0.97      0.035    -0.14      6.8e-05   0.99    
   0.96     -0.24      0.14      0.24      0.97      0.035    -0.14      3.5e-18   0.99    
   0.96      0.22      0.17      0.24     -0.33     -0.91     -0.14      0.92     -0.37    
   0.96     -0.24      0.14      0.24      0.97      0.035    -0.14      0         0.99    
   0.96      0.04      0.28      0.24      0.39     -0.89     -0.14      0.92      0.37    
  -0.49     -0.36      0.79     -0.12      0.93      0.34     -0.86      0.07     -0.5     
  -0.49     -0.26      0.83     -0.12      0.97      0.23     -0.86      0.011    -0.51    
  -0.51      0.49      0.7       0.84      0.12      0.53      0.17      0.86     -0.48    
  -0.49     -0.24      0.83     -0.12      0.97      0.21     -0.86      1.4e-17  -0.51    
  -0.49      0.84      0.22     -0.12      0.19     -0.97     -0.86     -0.51      0.011   
  -0.19      0.0007    0.98      0.98     -0.0035    0.19      0.0035    1        -1.2e-05 
  -0.00012   0.19      0.98     -0.00041   0.98     -0.19     -1        -0.00042  -3.7e-05 
  -1.9e-05  -0.26      0.96     -3e-05     0.96      0.26     -1        -2.3e-05  -2.7e-05 
   0.97      0.24      0.048     0.24     -0.97      0.012     0.049    -0.00016  -1       
  -0.24      0.88      0.41      0.97      0.22      0.1      -0.00021   0.42     -0.91    
  -0.24      0.97     -0.022     0.97      0.24     -0.0055   -2.6e-05  -0.022    -1       
  -1.4e-06   1         0.00018  -0.003    -0.00018   1         1         8.9e-07   0.003   
   1         0.00042   0.00042   0.00042  -1         1.8e-07   0.00042   2.5e-15  -1       
  -0.0023    5.5e-05   1         2.5e-15  -1         5.5e-05   1         1.2e-07   0.0023  
   0.0003   -5.8e-15   1         1         2.6e-15  -0.0003   -2.6e-15   1         5.8e-15 
  -0.014     9.3e-05   1        -0.00012  -1         9.1e-05   1        -0.00012   0.014   
   0.0017    1        -4.4e-16  -2.7e-15  -4.4e-16  -1        -1         0.0017    2.7e-15 
   0.0017    1        -4.4e-16  -2.7e-15  -4.4e-16  -1        -1         0.0017    2.7e-15 
  -1         0.041    -0.004     0.042     1        -0.03      0.0028   -0.03     -1       
  -1         0.041    -0.004     0.042     1        -0.03      0.0028   -0.03     -1       
  -4.6e-15  -1         4.8e-05  -0.71     -3.4e-05  -0.7       0.7      -3.4e-05  -0.71    
  -4.6e-15  -1         4.8e-05  -0.71     -3.4e-05  -0.7       0.7      -3.4e-05  -0.71    
   4.5e-15   1        -6.6e-05   0.71     -4.6e-05  -0.71     -0.71     -4.6e-05  -0.71    
   4.5e-15   1        -6.6e-05   0.71     -4.6e-05  -0.71     -0.71     -4.6e-05  -0.71    
   6.3e-05   1         7.8e-06  -0.58      4.2e-05  -0.82     -0.82      4.7e-05   0.58    
   6.3e-05   1         7.8e-06  -0.58      4.2e-05  -0.82     -0.82      4.7e-05   0.58    
  -2e-15     5.5e-15   1        -0.96     -0.29     -3.3e-16   0.29     -0.96      5.8e-15 
  -2e-15     5.5e-15   1        -0.96     -0.29     -3.3e-16   0.29     -0.96      5.8e-15 
   1.2e-15   5.5e-15   1        -0.96      0.27     -3.9e-16  -0.27     -0.96      5.6e-15 
   1.2e-15   5.5e-15   1        -0.96      0.27     -3.9e-16  -0.27     -0.96      5.6e-15 
  -3.5e-15   1        -4.8e-05   0.71      3.4e-05   0.7       0.7      -3.4e-05  -0.71    
  -3.5e-15   1        -4.8e-05   0.71      3.4e-05   0.7       0.7      -3.4e-05  -0.71    
   3.8e-15  -1         6.6e-05  -0.71      4.6e-05   0.71     -0.71     -4.6e-05  -0.71    
   3.8e-15  -1         6.6e-05  -0.71      4.6e-05   0.71     -0.71     -4.6e-05  -0.71    
  -6.3e-05  -1        -7.8e-06   0.58     -4.2e-05   0.82     -0.82      4.7e-05   0.58    
  -6.3e-05  -1        -7.8e-06   0.58     -4.2e-05   0.82     -0.82      4.7e-05   0.58    
  -1.2e-15   5.7e-15  -1         0.96      0.29      5e-16     0.29     -0.96     -5.9e-15 
  -1.2e-15   5.7e-15  -1         0.96      0.29      5e-16     0.29     -0.96     -5.9e-15 
   2.1e-15   5.6e-15  -1         0.96     -0.27      5e-16    -0.27     -0.96     -5.9e-15 
   2.1e-15   5.6e-15  -1         0.96     -0.27      5e-16    -0.27     -0.96     -5.9e-15 
   1         5.7e-18  -1.4e-19  -5.7e-18   1        -8.5e-17   1.4e-19   8.5e-17   1       

SITE_XPOS
   0.5      -2.2e-16   0.24    
   0.5      -7.6e-16   0.04    

SITE_XMAT
   5e-16     1         5.8e-15   1        -5e-16    -2.7e-15  -2.7e-15   5.8e-15  -1       
   1         5.6e-16  -5.8e-15  -5.6e-16   1         2.7e-15   5.8e-15  -2.7e-15   1       

LIGHT_XPOS
  -2        -1         3       
   2        -1         3       

LIGHT_XDIR
   0.67      0.33     -0.67    
  -0.67      0.33     -0.67    

SUBTREE_COM
   0.15     -0.044     0.29    
   0.5       0         0.04    
   0.15     -0.044     0.29    
   0.15     -0.044     0.29    
   0.16     -0.047     0.3     
   0.19     -0.055     0.34    
   0.33      0.015     0.36    
   0.47     -0.0053    0.27    
   0.5       4.7e-05   0.24    
   0.5       0.00077   0.18    
   0.5       0.00086   0.17    
   0.5       0.00086   0.17    
   0.5       0.001     0.18    
   0.5      -0.035     0.11    
   0.5      -0.057     0.1     
   0.5      -0.058     0.086   
   0.5       0.035     0.11    
   0.5       0.057     0.1     
   0.5       0.058     0.086   
   0.5      -6.3e-18   0.02    

CDOF
   0         0         1         0.044     0.15     -0       
   0.24     -0.97      0        -0.16     -0.04      0.14    
  -0.24      0.97      0        -0.23     -0.058    -0.076   
   0.24     -0.97     -1.4e-17   0.044     0.011    -0.25    
   0.97      0.24      5.6e-15  -0.011     0.044     0.042   
   5.9e-15  -3e-15    -1        -0.044     0.35     -1.3e-15 
   1        -7.8e-16   5.8e-15   4.4e-17  -0.15     -0.028   
   1        -1e-15     5.7e-15  -1e-16    -0.15     -0.0075  
  -1         1e-15    -5.7e-15   3.6e-16   0.19     -0.031   
  -1         0        -5.7e-15  -3.4e-16   0.15      0.06    
  -1         2.2e-16  -5.8e-15  -4.3e-16   0.15      0.081   
   1         1.1e-16   5.8e-15   7.2e-16  -0.19     -0.12    
   0         0         0         1         0         0       
   0         0         0         0         1         0       
   0         0         0         0         0         1       
   1        -5.7e-18   1.4e-19  -1.1e-19  -0.02     -1.7e-18 
   5.7e-18   1         8.5e-17   0.02     -1.1e-19  -9.6e-36 
  -1.4e-19  -8.5e-17   1         5.8e-34   2.8e-21   2.4e-37 

CINERT
   0         0         0         0         0         0         0         0         0         0       
   4e-06     4e-06     4e-06     0         0         0         0         0         0         0.027   
   0         0         0         0         0         0        -0         0        -0         0       
   0.11      0.14      0.041     0.0099   -0.059     0.018    -0.22      0.066    -0.39      1.4     
   0.14      0.22      0.1       0.023    -0.1       0.028    -0.6       0.16     -0.7       4       
   0.44      0.46      0.18     -0.072    -0.015     0.017    -0.92     -0.81      0.37      10      
   0.18      0.25      0.14     -0.048    -0.011    -0.049     0.39      0.42      0.82      5.7     
   0.0043    0.084     0.083    -0.008    -0.014    -0.0014    0.31      0.031     0.055     1.2     
   0.0052    0.15      0.15     -0.018    -0.015    -0.0018    0.41      0.052     0.042     1.2     
   0.00069   0.024     0.024    -0.003     0.0022    0.00028   0.067     0.0085   -0.0064    0.19    
   0         0         0         0         0         0         0         0        -0         0       
   0         0         0         0         0         0         0         0        -0         0       
   0.019     0.17      0.16     -0.021     0.047     0.006     0.45      0.059    -0.13      1.3     
   0.002     0.0098    0.0079   -0.00021   0.0039    9.8e-05   0.022     0.00061  -0.011     0.064   
   0.0009    0.0048    0.0039    0.00014   0.0019   -6.9e-05   0.011    -0.00039  -0.0053    0.032   
   0.0016    0.0064    0.0048    0.00019   0.0027   -0.00011   0.014    -0.00055  -0.0079    0.039   
   0.0024    0.0098    0.0083   -0.0018    0.0039    0.00089   0.022     0.005    -0.011     0.064   
   0.0012    0.0048    0.0043   -0.0011    0.0019    0.00054   0.011     0.0032   -0.0053    0.032   
   0.002     0.0064    0.0052   -0.0014    0.0027    0.0008    0.014     0.004    -0.0079    0.039   
   1.7e-05   1.7e-05   1.7e-05   2.1e-40  -3.7e-40   0         0         4.9e-35   0         0.064   

TEN_LENGTH
   0.0065  

TEN_MOMENT
   0         0         0         0         0         0         0         0.5       0         0         0.5       0         0         0         0         0         0         0       

TENDON 0: 0 wrap points

ACTUATOR_LENGTH
   0.0065  

ACTUATOR_MOMENT
   0         0         0         0         0         0         0         0.5       0         0         0.5       0         0         0         0         0         0         0       

CRB
   0         0         0         0         0         0         0         0         0         0       
   4e-06     4e-06     4e-06     0         0         0         0         0         0         0.027   
   0.91      1.5       0.91     -0.14     -0.15      0.019     5.6e-17  -1.9e-16   3.9e-16   26      
   0.91      1.5       0.91     -0.14     -0.15      0.019     5.6e-17  -1.9e-16   3.9e-16   26      
   0.8       1.4       0.87     -0.15     -0.093     0.001     0.22     -0.066     0.39      24      
   0.66      1.2       0.77     -0.17      0.011    -0.027     0.81     -0.22      1.1       20      
   0.22      0.72      0.59     -0.1       0.026    -0.043     1.7       0.58      0.72      9.9     
   0.039     0.47      0.45     -0.054     0.037     0.0052    1.3       0.16     -0.092     4.2     
   0.035     0.39      0.37     -0.046     0.052     0.0067    1         0.13     -0.15      3       
   0.03      0.24      0.22     -0.028     0.066     0.0085    0.62      0.079    -0.19      1.8     
   0.029     0.22      0.2      -0.025     0.064     0.0082    0.55      0.07     -0.18      1.6     
   0.029     0.22      0.2      -0.025     0.064     0.0082    0.55      0.07     -0.18      1.6     
   0.019     0.17      0.16     -0.021     0.047     0.006     0.45      0.059    -0.13      1.3     
   0.002     0.0098    0.0079   -0.00021   0.0039    9.8e-05   0.022     0.00061  -0.011     0.064   
   0.0025    0.011     0.0087    0.00033   0.0046   -0.00018   0.025    -0.00094  -0.013     0.071   
   0.0016    0.0064    0.0048    0.00019   0.0027   -0.00011   0.014    -0.00055  -0.0079    0.039   
   0.0024    0.0098    0.0083   -0.0018    0.0039    0.00089   0.022     0.005    -0.011     0.064   
   0.0032    0.011     0.0094   -0.0025    0.0046    0.0013    0.025     0.0072   -0.013     0.071   
   0.002     0.0064    0.0052   -0.0014    0.0027    0.0008    0.014     0.004    -0.0079    0.039   
   1.7e-05   1.7e-05   1.7e-05   2.1e-40  -3.7e-40   0         0         4.9e-35   0         0.064   

QM
   1.5      -0.39     -0.14      0.034     0.14     -0.002     0.00065   0.0014   -0.00032  -0.00065  -0.0014    0.00032   0         0         0         0         0         0       
  -0.39      2.7      -0.78      0.14      0.00079  -8.8e-05  -0.00056  -0.00067  -0.00032  -0.0006   -0.00076  -0.00033   0         0         0         0         0         0       
  -0.14     -0.78      1.3      -0.23     -0.00072  -0.00037   0.00037   0.00031   0.00035   0.00065   0.00094   0.00022   0         0         0         0         0         0       
   0.034     0.14     -0.23      0.08      0.00036   0.00015  -3.9e-05   3.7e-05  -0.0001   -0.00021  -0.00034  -3.7e-05   0         0         0         0         0         0       
   0.14      0.00079  -0.00072   0.00036   0.049    -0.00015   0.00033   0.00075  -0.00013  -0.00033  -0.00075   0.00013   0         0         0         0         0         0       
  -0.002    -8.8e-05  -0.00037   0.00015  -0.00015   0.0016    2.4e-10   2.1e-10  -3.5e-11   2.4e-10   2.1e-10  -3.5e-11   0         0         0         0         0         0       
   0.00065  -0.00056   0.00037  -3.9e-05   0.00033   2.4e-10   6.6e-05   0         0         0         0         0         0         0         0         0         0         0       
   0.0014   -0.00067   0.00031   3.7e-05   0.00075   2.1e-10   0         0.00018  -3.1e-05   0         0         0         0         0         0         0         0         0       
  -0.00032  -0.00032   0.00035  -0.0001   -0.00013  -3.5e-11   0        -3.1e-05   3.2e-05   0         0         0         0         0         0         0         0         0       
  -0.00065  -0.0006    0.00065  -0.00021  -0.00033   2.4e-10   0         0         0         6.6e-05   0         0         0         0         0         0         0         0       
  -0.0014   -0.00076   0.00094  -0.00034  -0.00075   2.1e-10   0         0         0         0         0.00018  -3.1e-05   0         0         0         0         0         0       
   0.00032  -0.00033   0.00022  -3.7e-05   0.00013  -3.5e-11   0         0         0         0        -3.1e-05   3.2e-05   0         0         0         0         0         0       
   0         0         0         0         0         0         0         0         0         0         0         0         0.064     0         0        -7.3e-21   0.0013   -1.2e-35 
   0         0         0         0         0         0         0         0         0         0         0         0         0         0.064     0        -0.0013   -7.3e-21   1.8e-22 
   0         0         0         0         0         0         0         0         0         0         0         0         0         0         0.064    -1.1e-19  -6.2e-37   1.5e-38 
   0         0         0         0         0         0         0         0         0         0         0         0        -7.3e-21  -0.0013   -1.1e-19   4.3e-05   2.4e-38  -3.6e-24 
   0         0         0         0         0         0         0         0         0         0         0         0         0.0013   -7.3e-21  -6.2e-37   2.4e-38   4.3e-05  -1.9e-37 
   0         0         0         0         0         0         0         0         0         0         0         0        -1.2e-35   1.8e-22   1.5e-38  -3.6e-24  -1.9e-37   1.7e-05 

QLD
   1        -0.22     -0.067     0.46      3.1      -1.2       9.8       7.2      -10       -9.8      -7.2       10        0         0         0         0         0         0       
  -0.22      2.2      -0.62      1.7       0.0064   -0.055    -8.5      -6.5      -10       -9.1      -7.1      -10        0         0         0         0         0         0       
  -0.067    -0.62      0.59     -2.9       0.085    -0.23      5.5       4.3       11        9.9       7.7       6.9       0         0         0         0         0         0       
   0.46      1.7      -2.9       0.077    -0.052     0.094    -0.59     -0.4      -3.1      -3.1      -2.5      -1.1       0         0         0         0         0         0       
   3.1       0.0064    0.085    -0.052     0.039    -0.09      5.1       4.1      -4        -5.1      -4.1       4         0         0         0         0         0         0       
  -1.2      -0.055    -0.23      0.094    -0.09      0.0016    3.6e-06   1.2e-06  -1.1e-06   3.6e-06   1.2e-06  -1.1e-06   0         0         0         0         0         0       
   9.8      -8.5       5.5      -0.59      5.1       3.6e-06   6.6e-05   0         0         0         0         0         0         0         0         0         0         0       
   7.2      -6.5       4.3      -0.4       4.1       1.2e-06   0         0.00015  -0.97      0         0         0         0         0         0         0         0         0       
  -10       -10        11       -3.1      -4        -1.1e-06   0        -0.97      3.2e-05   0         0         0         0         0         0         0         0         0       
  -9.8      -9.1       9.9      -3.1      -5.1       3.6e-06   0         0         0         6.6e-05   0         0         0         0         0         0         0         0       
  -7.2      -7.1       7.7      -2.5      -4.1       1.2e-06   0         0         0         0         0.00015  -0.97      0         0         0         0         0         0       
   10       -10        6.9      -1.1       4        -1.1e-06   0         0         0         0        -0.97      3.2e-05   0         0         0         0         0         0       
   0         0         0         0         0         0         0         0         0         0         0         0         0.026    -5.3e-66  -4.2e-50  -1.7e-16   30       -7.2e-31 
   0         0         0         0         0         0         0         0         0         0         0         0        -5.3e-66   0.026    -5.1e-17  -30       -1.7e-16   1.1e-17 
   0         0         0         0         0         0         0         0         0         0         0         0        -4.2e-50  -5.1e-17   0.064    -2.5e-15  -1.4e-32   9.1e-34 
   0         0         0         0         0         0         0         0         0         0         0         0        -1.7e-16  -30       -2.5e-15   4.3e-05   5.5e-34  -2.1e-19 
   0         0         0         0         0         0         0         0         0         0         0         0         30       -1.7e-16  -1.4e-32   5.5e-34   4.3e-05  -1.1e-32 
   0         0         0         0         0         0         0         0         0         0         0         0        -7.2e-31   1.1e-17   9.1e-34  -2.1e-19  -1.1e-32   1.7e-05 

QLDIAGINV
   0.99    
   0.45    
   1.7     
   13      
   26      
   6.2e+02 
   1.5e+04 
   6.6e+03 
   3.1e+04 
   1.5e+04 
   6.6e+03 
   3.1e+04 
   39      
   39      
   16      
   2.3e+04 
   2.3e+04 
   5.9e+04 

QLDIAGSQRTINV
   0.99    
   0.67    
   1.3     
   3.6     
   5.1     
   25      
   1.2e+02 
   81      
   1.8e+02 
   1.2e+02 
   81      
   1.8e+02 
   6.2     
   6.2     
   4       
   1.5e+02 
   1.5e+02 
   2.4e+02 

B_rownnz              18 0 12 12 12 12 12 12 12 12 12 12 6 7 8 8 7 8 8 6

B_rowadr              0 18 18 30 42 54 66 78 90 102 114 126 138 144 151 159 167 174 182 190

B_colind              0 1 2 3 4 5 6 7 8 9 10 11 12 13 14 15 16 17 0 1 2 3 4 5 6 7 8 9 10 11 0 1 2 3 4 5 6 7 8 9 10 11 0 1 2 3 4 5 6 7 8 9 10 11 0 1 2 3 4 5 6 7 8 9 10 11 0 1 2 3 4 5 6 7 8 9 10 11 0 1 2 3 4 5 6 7 8 9 10 11 0 1 2 3 4 5 6 7 8 9 10 11 0 1 2 3 4 5 6 7 8 9 10 11 0 1 2 3 4 5 6 7 8 9 10 11 0 1 2 3 4 5 6 7 8 9 10 11 0 1 2 3 4 5 0 1 2 3 4 5 6 0 1 2 3 4 5 7 8 0 1 2 3 4 5 7 8 0 1 2 3 4 5 9 0 1 2 3 4 5 10 11 0 1 2 3 4 5 10 11 12 13 14 15 16 17

C_rownnz              12 12 12 12 12 12 7 8 8 7 8 8 6 6 6 6 6 6

C_rowadr              0 12 24 36 48 60 72 79 87 95 102 110 118 124 130 136 142 148

C_colind              0 1 2 3 4 5 6 7 8 9 10 11 0 1 2 3 4 5 6 7 8 9 10 11 0 1 2 3 4 5 6 7 8 9 10 11 0 1 2 3 4 5 6 7 8 9 10 11 0 1 2 3 4 5 6 7 8 9 10 11 0 1 2 3 4 5 6 7 8 9 10 11 0 1 2 3 4 5 6 0 1 2 3 4 5 7 8 0 1 2 3 4 5 7 8 0 1 2 3 4 5 9 0 1 2 3 4 5 10 11 0 1 2 3 4 5 10 11 12 13 14 15 16 17 12 13 14 15 16 17 12 13 14 15 16 17 12 13 14 15 16 17 12 13 14 15 16 17 12 13 14 15 16 17

mapM2C                0 2 5 9 14 20 27 34 42 49 56 64 2 1 4 8 13 19 26 33 41 48 55 63 5 4 3 7 12 18 25 32 40 47 54 62 9 8 7 6 11 17 24 31 39 46 53 61 14 13 12 11 10 16 23 30 38 45 52 60 20 19 18 17 16 15 22 29 37 44 51 59 27 26 25 24 23 22 21 34 33 32 31 30 29 28 36 42 41 40 39 38 37 36 35 49 48 47 46 45 44 43 56 55 54 53 52 51 50 58 64 63 62 61 60 59 58 57 65 67 70 74 79 85 67 66 69 73 78 84 70 69 68 72 77 83 74 73 72 71 76 82 79 78 77 76 75 81 85 84 83 82 81 80

D_rownnz              12 12 12 12 12 12 7 8 8 7 8 8 6 6 6 6 6 6

D_rowadr              0 12 24 36 48 60 72 79 87 95 102 110 118 124 130 136 142 148

D_colind              0 1 2 3 4 5 6 7 8 9 10 11 0 1 2 3 4 5 6 7 8 9 10 11 0 1 2 3 4 5 6 7 8 9 10 11 0 1 2 3 4 5 6 7 8 9 10 11 0 1 2 3 4 5 6 7 8 9 10 11 0 1 2 3 4 5 6 7 8 9 10 11 0 1 2 3 4 5 6 0 1 2 3 4 5 7 8 0 1 2 3 4 5 7 8 0 1 2 3 4 5 9 0 1 2 3 4 5 10 11 0 1 2 3 4 5 10 11 12 13 14 15 16 17 12 13 14 15 16 17 12 13 14 15 16 17 12 13 14 15 16 17 12 13 14 15 16 17 12 13 14 15 16 17

mapM2D                0 2 5 9 14 20 27 34 42 49 56 64 2 1 4 8 13 19 26 33 41 48 55 63 5 4 3 7 12 18 25 32 40 47 54 62 9 8 7 6 11 17 24 31 39 46 53 61 14 13 12 11 10 16 23 30 38 45 52 60 20 19 18 17 16 15 22 29 37 44 51 59 27 26 25 24 23 22 21 34 33 32 31 30 29 28 36 42 41 40 39 38 37 36 35 49 48 47 46 45 44 43 56 55 54 53 52 51 50 58 64 63 62 61 60 59 58 57 65 67 70 74 79 85 67 66 69 73 78 84 70 69 68 72 77 83 74 73 72 71 76 82 79 78 77 76 75 81 85 84 83 82 81 80

mapD2M                0 13 12 26 25 24 39 38 37 36 52 51 50 49 48 65 64 63 62 61 60 78 77 76 75 74 73 72 85 84 83 82 81 80 79 94 93 92 91 90 89 88 87 101 100 99 98 97 96 95 108 107 106 105 104 103 102 117 116 115 114 113 112 111 110 118 125 124 132 131 130 139 138 137 136 146 145 144 143 142 153 152 151 150 149 148

QDERIV
   0         0         0         0         0         0         0         0         0         0         0         0         0         0         0         0         0         0       
   0         0         0         0         0         0         0         0         0         0         0         0         0         0         0         0         0         0       
   0         0         0         0         0         0         0         0         0         0         0         0         0         0         0         0         0         0       
   0         0         0         0         0         0         0         0         0         0         0         0         0         0         0         0         0         0       
   0         0         0         0         0         0         0         0         0         0         0         0         0         0         0         0         0         0       
   0         0         0         0         0         0         0         0         0         0         0         0         0         0         0         0         0         0       
   0         0         0         0         0         0         0         0         0         0         0         0         0         0         0         0         0         0       
   0         0         0         0         0         0         0        -0.025     0         0         0         0         0         0         0         0         0         0       
   0         0         0         0         0         0         0         0         0         0         0         0         0         0         0         0         0         0       
   0         0         0         0         0         0         0         0         0         0         0         0         0         0         0         0         0         0       
   0         0         0         0         0         0         0         0         0         0        -0.025     0         0         0         0         0         0         0       
   0         0         0         0         0         0         0         0         0         0         0         0         0         0         0         0         0         0       
   0         0         0         0         0         0         0         0         0         0         0         0         0         0         0         0         0         0       
   0         0         0         0         0         0         0         0         0         0         0         0         0         0         0         0         0         0       
   0         0         0         0         0         0         0         0         0         0         0         0         0         0         0         0         0         0       
   0         0         0         0         0         0         0         0         0         0         0         0         0         0         0         0         0         0       
   0         0         0         0         0         0         0         0         0         0         0         0         0         0         0         0         0         0       
   0         0         0         0         0         0         0         0         0         0         0         0         0         0         0         0         0         0       

QLU
   0         0         0         0         0         0         0         0         0         0         0         0         0         0         0         0         0         0       
   0         0         0         0         0         0         0         0         0         0         0         0         0         0         0         0         0         0       
   0         0         0         0         0         0         0         0         0         0         0         0         0         0         0         0         0         0       
   0         0         0         0         0         0         0         0         0         0         0         0         0         0         0         0         0         0       
   0         0         0         0         0         0         0         0         0         0         0         0         0         0         0         0         0         0       
   0         0         0         0         0         0         0         0         0         0         0         0         0         0         0         0         0         0       
   0         0         0         0         0         0         0         0         0         0         0         0         0         0         0         0         0         0       
   0         0         0         0         0         0         0         0         0         0         0         0         0         0         0         0         0         0       
   0         0         0         0         0         0         0         0         0         0         0         0         0         0         0         0         0         0       
   0         0         0         0         0         0         0         0         0         0         0         0         0         0         0         0         0         0       
   0         0         0         0         0         0         0         0         0         0         0         0         0         0         0         0         0         0       
   0         0         0         0         0         0         0         0         0         0         0         0         0         0         0         0         0         0       
   0         0         0         0         0         0         0         0         0         0         0         0         0         0         0         0         0         0       
   0         0         0         0         0         0         0         0         0         0         0         0         0         0         0         0         0         0       
   0         0         0         0         0         0         0         0         0         0         0         0         0         0         0         0         0         0       
   0         0         0         0         0         0         0         0         0         0         0         0         0         0         0         0         0         0       
   0         0         0         0         0         0         0         0         0         0         0         0         0         0         0         0         0         0       
   0         0         0         0         0         0         0         0         0         0         0         0         0         0         0         0         0         0       

CONTACT
  0:
     dim           3
     geoms         //unnamed_geom_0 : unnamed_model//unnamed_geom_0
     exclude       0
     efc_address   7
     solref         0.02      1       
     solimp         0.9       0.95      0.001     0.5       2       
     dist          -1.1e-05 
     includemargin  0       
     pos            0.48     -0.02     -5.5e-06 
     frame          0         0         1         0         1         0        -1         0         0       
     friction       1         1         0.3       0.0001    0.0001  
     mu             0.32    
  1:
     dim           3
     geoms         //unnamed_geom_0 : unnamed_model//unnamed_geom_0
     exclude       0
     efc_address   11
     solref         0.02      1       
     solimp         0.9       0.95      0.001     0.5       2       
     dist          -1.1e-05 
     includemargin  0       
     pos            0.52     -0.02     -5.5e-06 
     frame          0         0         1         0         1         0        -1         0         0       
     friction       1         1         0.3       0.0001    0.0001  
     mu             0.32    
  2:
     dim           3
     geoms         //unnamed_geom_0 : unnamed_model//unnamed_geom_0
     exclude       0
     efc_address   15
     solref         0.02      1       
     solimp         0.9       0.95      0.001     0.5       2       
     dist          -1.1e-05 
     includemargin  0       
     pos            0.48      0.02     -5.5e-06 
     frame          0         0         1         0         1         0        -1         0         0       
     friction       1         1         0.3       0.0001    0.0001  
     mu             0.32    
  3:
     dim           3
     geoms         //unnamed_geom_0 : unnamed_model//unnamed_geom_0
     exclude       0
     efc_address   19
     solref         0.02      1       
     solimp         0.9       0.95      0.001     0.5       2       
     dist          -1.1e-05 
     includemargin  0       
     pos            0.52      0.02     -5.5e-06 
     frame          0         0         1         0         1         0        -1         0         0       
     friction       1         1         0.3       0.0001    0.0001  
     mu             0.32    

EFC_TYPE
  0
  0
  0
  0
  0
  0
  0
  6
  6
  6
  6
  6
  6
  6
  6
  6
  6
  6
  6
  6
  6
  6
  6

EFC_ID
  0
  0
  0
  1
  1
  1
  2
  0
  0
  0
  0
  1
  1
  1
  1
  2
  2
  2
  2
  3
  3
  3
  3

EFC_J
   1.1e-05   3.5e-06  -3.5e-06   3.5e-06  -8.8e-07  -1.1e-05  -2.6e-16   1.5e-16   1.1e-16   0         0         0         0         0         0         0         0         0       
   0         8.8e-07  -8.8e-07   8.8e-07   3.5e-06   0        -0.039     0.046    -0.0075    0         0         0         0         0         0         0         0         0       
   0        -2.6e-06   2.6e-06  -2.6e-06  -1e-05    -6.4e-20   0.039    -0.018    -0.021     0         0         0         0         0         0         0         0         0       
  -1.1e-05   3.5e-06  -3.5e-06   3.5e-06  -8.8e-07   1.1e-05   0         0         0        -2.2e-16   9.5e-17   1.2e-16   0         0         0         0         0         0       
   5.6e-17   8.8e-07  -8.8e-07   8.8e-07   3.5e-06  -5.6e-17   0         0         0         0.039    -0.046     0.0075    0         0         0         0         0         0       
   0         2.6e-06  -2.6e-06   2.6e-06   1e-05     6.4e-20   0         0         0         0.039    -0.018    -0.021     0         0         0         0         0         0       
   0         0         0         0         0         0         0         1         0         0        -1         0         0         0         0         0         0         0       
   0         0         0         0         0         0         0         0         0         0         0         0         0         1         1        -0.02      0.02     -0.02    
   0         0         0         0         0         0         0         0         0         0         0         0         0        -1         1        -0.02      0.02      0.02    
   0         0         0         0         0         0         0         0         0         0         0         0        -1         0         1        -0.02      0.02     -0.02    
   0         0         0         0         0         0         0         0         0         0         0         0         1         0         1        -0.02      0.02      0.02    
   0         0         0         0         0         0         0         0         0         0         0         0         0         1         1        -0.02     -0.02      0.02    
   0         0         0         0         0         0         0         0         0         0         0         0         0        -1         1        -0.02     -0.02     -0.02    
   0         0         0         0         0         0         0         0         0         0         0         0        -1         0         1        -0.02     -0.02     -0.02    
   0         0         0         0         0         0         0         0         0         0         0         0         1         0         1        -0.02     -0.02      0.02    
   0         0         0         0         0         0         0         0         0         0         0         0         0         1         1         0.02      0.02     -0.02    
   0         0         0         0         0         0         0         0         0         0         0         0         0        -1         1         0.02      0.02      0.02    
   0         0         0         0         0         0         0         0         0         0         0         0        -1         0         1         0.02      0.02      0.02    
   0         0         0         0         0         0         0         0         0         0         0         0         1         0         1         0.02      0.02     -0.02    
   0         0         0         0         0         0         0         0         0         0         0         0         0         1         1         0.02     -0.02      0.02    
   0         0         0         0         0         0         0         0         0         0         0         0         0        -1         1         0.02     -0.02     -0.02    
   0         0         0         0         0         0         0         0         0         0         0         0        -1         0         1         0.02     -0.02      0.02    
   0         0         0         0         0         0         0         0         0         0         0         0         1         0         1         0.02     -0.02     -0.02    

EFC_POS
   0       
  -1.1e-05 
  -3.6e-06 
   5.6e-17 
   1.1e-05 
  -3.6e-06 
  -2.3e-16 
  -1.1e-05 
  -1.1e-05 
  -1.1e-05 
  -1.1e-05 
  -1.1e-05 
  -1.1e-05 
  -1.1e-05 
  -1.1e-05 
  -1.1e-05 
  -1.1e-05 
  -1.1e-05 
  -1.1e-05 
  -1.1e-05 
  -1.1e-05 
  -1.1e-05 
  -1.1e-05 

EFC_MARGIN
   0       
   0       
   0       
   0       
   0       
   0       
   0       
   0       
   0       
   0       
   0       
   0       
   0       
   0       
   0       
   0       
   0       
   0       
   0       
   0       
   0       
   0       
   0       

EFC_FRICTIONLOSS
   0       
   0       
   0       
   0       
   0       
   0       
   0       
   0       
   0       
   0       
   0       
   0       
   0       
   0       
   0       
   0       
   0       
   0       
   0       
   0       
   0       
   0       
   0       

EFC_DIAGAPPROX
   18      
   18      
   18      
   18      
   18      
   18      
   1.4e+04 
   6.2     
   6.2     
   6.2     
   6.2     
   6.2     
   6.2     
   6.2     
   6.2     
   6.2     
   6.2     
   6.2     
   6.2     
   6.2     
   6.2     
   6.2     
   6.2     

EFC_KBIP
   4.1e+04   4e+02     0.95      1.8     
   4.1e+04   4e+02     0.95      1.8     
   4.1e+04   4e+02     0.95      1.8     
   4.1e+04   4e+02     0.95      1.8     
   4.1e+04   4e+02     0.95      1.8     
   4.1e+04   4e+02     0.95      1.8     
   4.1e+04   4e+02     0.95     -3.7e-11 
   2.8e+03   1.1e+02   0.9      -2.2     
   2.8e+03   1.1e+02   0.9      -2.2     
   2.8e+03   1.1e+02   0.9      -2.2     
   2.8e+03   1.1e+02   0.9      -2.2     
   2.8e+03   1.1e+02   0.9      -2.2     
   2.8e+03   1.1e+02   0.9      -2.2     
   2.8e+03   1.1e+02   0.9      -2.2     
   2.8e+03   1.1e+02   0.9      -2.2     
   2.8e+03   1.1e+02   0.9      -2.2     
   2.8e+03   1.1e+02   0.9      -2.2     
   2.8e+03   1.1e+02   0.9      -2.2     
   2.8e+03   1.1e+02   0.9      -2.2     
   2.8e+03   1.1e+02   0.9      -2.2     
   2.8e+03   1.1e+02   0.9      -2.2     
   2.8e+03   1.1e+02   0.9      -2.2     
   2.8e+03   1.1e+02   0.9      -2.2     

EFC_D
   1.1     
   1.1     
   1.1     
   1.1     
   1.1     
   1.1     
   0.0013  
   1.4     
   1.4     
   1.4     
   1.4     
   1.4     
   1.4     
   1.4     
   1.4     
   1.4     
   1.4     
   1.4     
   1.4     
   1.4     
   1.4     
   1.4     
   1.4     

EFC_R
   0.92    
   0.92    
   0.92    
   0.92    
   0.92    
   0.92    
   7.6e+02 
   0.69    
   0.69    
   0.69    
   0.69    
   0.69    
   0.69    
   0.69    
   0.69    
   0.69    
   0.69    
   0.69    
   0.69    
   0.69    
   0.69    
   0.69    
   0.69    

TEN_VELOCITY
   3.3e-16 

ACTUATOR_VELOCITY
   3.3e-16 

CVEL
   0         0         0         0         0         0       
   0         0         0         0         0         0       
   0         0         0         0         0         0       
   0         0         0         0         0         0       
   0         0         2.6e-15   1.2e-16   3.9e-16   0       
  -1e-15     4.1e-15   2.6e-15   8e-16     5.6e-16  -5.7e-16 
  -1e-14     4.2e-14   2.6e-15  -8.1e-15  -1.7e-15  -3.5e-15 
  -1.2e-14   4.8e-14   2.6e-15  -8.4e-15  -1.7e-15  -1.9e-15 
   2.7e-14   5.8e-14   2.6e-15  -8.9e-15   2.2e-17  -2.5e-16 
   2.7e-14   5.8e-14   5.6e-15  -8.7e-15  -1e-15    -2.5e-16 
   2.7e-14   5.8e-14   5.6e-15  -8.7e-15  -1e-15    -2.5e-16 
   2.7e-14   5.8e-14   5.6e-15  -8.7e-15  -1e-15    -2.5e-16 
   2.7e-14   5.8e-14   5.6e-15  -8.7e-15  -1e-15    -2.5e-16 
   3.8e-14   5.8e-14   5.6e-15  -8.7e-15  -2.7e-15  -5.6e-16 
   2.7e-14   5.8e-14   5.6e-15  -8.7e-15  -1.1e-15  -2.5e-16 
   5.2e-14   5.8e-14   5.6e-15  -8.7e-15  -5.6e-15   5.2e-16 
   3.2e-14   5.8e-14   5.6e-15  -8.7e-15  -1.9e-15  -5.9e-16 
   2.6e-14   5.8e-14   5.6e-15  -8.7e-15  -9.7e-16  -2.3e-16 
   2.6e-14   5.8e-14   5.6e-15  -8.7e-15  -9e-16    -1.8e-16 
  -1.7e-15   9.5e-17   8.9e-17   2e-18     3.1e-17   4.3e-18 

CDOF_DOT
   0         0         0         0         0         0       
   2.5e-15   6.3e-16  -0         1.1e-16  -4.2e-16  -2.1e-16 
  -2.5e-15  -6.3e-16  -2e-31     3.9e-16  -5.4e-16   1.9e-15 
   2.5e-15   6.3e-16   1.6e-30  -1.4e-14  -3.3e-15   6.3e-15 
  -6.3e-16   2.5e-15  -4.9e-14   2.4e-15  -1.4e-15  -3.5e-16 
  -5.8e-14   2.7e-14  -4.2e-28  -9.3e-16  -9e-15     1.2e-14 
   3.4e-28   5.6e-15  -5.8e-14  -7.7e-16   5e-16    -3.1e-15 
   3.4e-28   5.6e-15  -5.8e-14   3.9e-16  -5.2e-17  -2.9e-15 
  -3.3e-28  -5.6e-15   5.8e-14  -2.8e-15   1.1e-15   3.9e-15 
  -3.3e-28  -5.6e-15   5.8e-14   2.6e-15  -1.3e-15   3.1e-15 
  -3.3e-28  -5.6e-15   5.8e-14   3.8e-15  -1.9e-15   2.9e-15 
   3.3e-28   5.6e-15  -5.8e-14  -5.9e-15   2.9e-15  -3.9e-15 
   0         0         0         0         0         0       
   0         0         0         0         0         0       
   0         0         0         0         0         0       
   0         0        -0         2.4e-35   4.3e-18   2.1e-18 
   0         0         0        -4.3e-18   2e-35     5.1e-20 
   0        -0         0        -2.1e-18  -5.1e-20  -4.6e-36 

QFRC_BIAS
  -5.7e-28 
   34      
  -25      
   3.1     
   0.011   
   1e-16   
  -0.012   
  -0.014   
  -0.0066  
  -0.012   
  -0.014   
  -0.0066  
  -1.9e-34 
   1.1e-35 
   0.63    
  -1.1e-18 
  -9.8e-36 
   1.5e-37 

QFRC_SPRING
   0       
   0       
   0       
   0       
   0       
   0       
   0       
   0       
   0       
   0       
   0       
   0       
   0       
   0       
   0       
   0       
   0       
   0       

QFRC_DAMPER
   0       
   0       
   0       
   0       
   0       
   0       
   0       
   0       
   0       
   0       
   0       
   0       
   0       
   0       
   0       
   0       
   0       
   0       

QFRC_GRAVCOMP
   0       
   0       
   0       
   0       
   0       
   0       
   0       
   0       
   0       
   0       
   0       
   0       
   0       
   0       
   0       
   0       
   0       
   0       

QFRC_FLUID
   0       
   0       
   0       
   0       
   0       
   0       
   0       
   0       
   0       
   0       
   0       
   0       
   0       
   0       
   0       
   0       
   0       
   0       

QFRC_PASSIVE
   0       
   0       
   0       
   0       
   0       
   0       
   0       
   0       
   0       
   0       
   0       
   0       
   0       
   0       
   0       
   0       
   0       
   0       

EFC_VEL
  -1.5e-19 
  -2.3e-16 
   9.4e-16 
  -2.7e-19 
  -2.4e-16 
  -2.2e-16 
   6.1e-17 
   3.5e-17 
   4.3e-17 
   3.7e-17 
   4.1e-17 
   3.5e-17 
   3.6e-17 
   3.4e-17 
   3.7e-17 
  -3.1e-17 
  -2.3e-17 
  -2.5e-17 
  -2.9e-17 
  -3.1e-17 
  -3e-17   
  -2.9e-17 
  -3.2e-17 

EFC_AREF
   6e-17   
   0.42    
   0.14    
  -2.2e-12 
  -0.42    
   0.14    
   9.1e-12 
   0.027   
   0.027   
   0.027   
   0.027   
   0.027   
   0.027   
   0.027   
   0.027   
   0.027   
   0.027   
   0.027   
   0.027   
   0.027   
   0.027   
   0.027   
   0.027   

SUBTREE_LINVEL
   0         0         0       
   0         0         0       
   0         0         0       
   0         0         0       
   0         0         0       
   0         0         0       
   0         0         0       
   0         0         0       
   0         0         0       
   0         0         0       
   0         0         0       
   0         0         0       
   0         0         0       
   0         0         0       
   0         0         0       
   0         0         0       
   0         0         0       
   0         0         0       
   0         0         0       
   0         0         0       

SUBTREE_ANGMOM
   0         0         0       
   0         0         0       
   0         0         0       
   0         0         0       
   0         0         0       
   0         0         0       
   0         0         0       
   0         0         0       
   0         0         0       
   0         0         0       
   0         0         0       
   0         0         0       
   0         0         0       
   0         0         0       
   0         0         0       
   0         0         0       
   0         0         0       
   0         0         0       
   0         0         0       
   0         0         0       

ACTUATOR_FORCE
  -0.065   

QFRC_ACTUATOR
   0       
   0       
   0       
   0       
   0       
   0       
   0       
  -0.033   
   0       
   0       
  -0.033   
   0       
   0       
   0       
   0       
   0       
   0       
   0       

QFRC_SMOOTH
   8.1e-16 
   0       
   0       
   0       
   3.9e-16 
  -6.2e-22 
   0.012   
  -0.018   
   0.0066  
   0.012   
  -0.018   
   0.0066  
   1.1e-34 
  -5.1e-36 
  -0.63    
   1.1e-18 
   8.8e-36 
  -3.7e-37 

QACC_SMOOTH
  -0.0021  
   0.038   
  -0.054   
   0.26    
   0.024   
  -0.035   
   1.8e+02 
  -78      
   1.3e+02 
   1.8e+02 
  -77      
   1.3e+02 
   1.8e-33 
  -2.4e-31 
  -9.8     
  -1e-29   
   2.2e-47 
   3.3e-48 

EFC_B
   1.6e-06 
  -12      
   5.5     
   8.7e-07 
   12      
   5.6     
  -0.92    
  -9.8     
  -9.8     
  -9.8     
  -9.8     
  -9.8     
  -9.8     
  -9.8     
  -9.8     
  -9.8     
  -9.8     
  -9.8     
  -9.8     
  -9.8     
  -9.8     
  -9.8     
  -9.8     

EFC_FORCE
   6.5e-17 
   0.45    
   0.15    
  -2.3e-12 
  -0.45    
   0.15    
   1.2e-14 
   0.039   
   0.039   
   0.039   
   0.039   
   0.039   
   0.039   
   0.039   
   0.039   
   0.039   
   0.039   
   0.039   
   0.039   
   0.039   
   0.039   
   0.039   
   0.039   

EFC_STATE
  1
  1
  1
  1
  1
  1
  1
  1
  1
  1
  1
  1
  1
  1
  1
  1
  1
  1
  1
  1
  1
  1
  1

QFRC_CONSTRAINT
  -5.7e-22 
  -1.7e-18 
   1.3e-17 
  -4.9e-18 
   7e-18   
   5.7e-22 
  -0.012   
   0.018   
  -0.0066  
  -0.012   
   0.018   
  -0.0066  
  -3.5e-17 
   4.2e-16 
   0.63    
  -1.6e-17 
  -2.2e-19 
  -1.1e-19 

QFRC_INVERSE
   0       
   0       
   0       
   0       
   0       
   0       
   0       
   0       
   0       
   0       
   0       
   0       
   0       
   0       
   0       
   0       
   0       
   0       

CACC
   0         0         0         0         0         0       
   0         0         0         0         0         0       
   0         0         0         0         0         0       
   0         0         0         0         0         0       
   0         0         0         0         0         0       
   0         0         0         0         0         0       
   0         0         0         0         0         0       
   0         0         0         0         0         0       
   0         0         0         0         0         0       
   0         0         0         0         0         0       
   0         0         0         0         0         0       
   0         0         0         0         0         0       
   0         0         0         0         0         0       
   0         0         0         0         0         0       
   0         0         0         0         0         0       
   0         0         0         0         0         0       
   0         0         0         0         0         0       
   0         0         0         0         0         0       
   0         0         0         0         0         0       
   0         0         0         0         0         0       

CFRC_INT
   0         0         0         0         0         0       
   0         0         0         0         0         0       
   0         0         0         0         0         0       
   0         0         0         0         0         0       
   0         0         0         0         0         0       
   0         0         0         0         0         0       
   0         0         0         0         0         0       
   0         0         0         0         0         0       
   0         0         0         0         0         0       
   0         0         0         0         0         0       
   0         0         0         0         0         0       
   0         0         0         0         0         0       
   0         0         0         0         0         0       
   0         0         0         0         0         0       
   0         0         0         0         0         0       
   0         0         0         0         0         0       
   0         0         0         0         0         0       
   0         0         0         0         0         0       
   0         0         0         0         0         0       
   0         0         0         0         0         0       

CFRC_EXT
   0         0         0         0         0         0       
   0         0         0         0         0         0       
   0         0         0         0         0         0       
   0         0         0         0         0         0       
   0         0         0         0         0         0       
   0         0         0         0         0         0       
   0         0         0         0         0         0       
   0         0         0         0         0         0       
   0         0         0         0         0         0       
   0         0         0         0         0         0       
   0         0         0         0         0         0       
   0         0         0         0         0         0       
   0         0         0         0         0         0       
   0         0         0         0         0         0       
   0         0         0         0         0         0       
   0         0         0         0         0         0       
   0         0         0         0         0         0       
   0         0         0         0         0         0       
   0         0         0         0         0         0       
   0         0         0         0         0         0       

TENDON_EFCADR         -1

